t_n,r_n,p_n,F(t_n)
0.0,1.3,0.0,-2.239979929791143
0.01,1.2998880010035105,-0.02240245616751367,-2.2405113037115916
0.02,1.2995519508766498,-0.044815524459819386,-2.242102354749553
0.03,1.298991690514314,-0.06724975507699223,-2.244743768685014
0.04,1.2982069557751097,-0.08971557231404619,-2.2484196787257784
0.05,1.297197379068033,-0.11222320641035897,-2.2531071405367804
0.06,1.2959624916469026,-0.13478261899446334,-2.2587753762840936
0.07,1.2945017266881438,-0.15740341970544186,-2.2653847659116124
0.08,1.2928144232527936,-0.18009477131749121,-2.272885556498256
0.09,1.2908998312617939,-0.2028652803613278,-2.2812162522690613
0.1,1.288757117645567,-0.22572286981469694,-2.290301638404763
0.11,1.2863853738654998,-0.2486746299113849,-2.300050380932829
0.12,1.2837836250473393,-0.2717266424779357,-2.3103521323773326
0.13,1.2809508410159411,-0.2948837734305729,-2.3210740581501095
0.14,1.277885949578728,-0.31814942712883443,-2.332056681502193
0.15,1.2745878524733645,-0.3415252551604289,-2.3431089248167067
0.16,1.2710554444755193,-0.3650108107929774,-2.3540022016929925
0.17,1.2672876362575047,-0.38860313873765806,-2.364463387243129
0.18,1.263283381700766,-0.4122962879886497,-2.374166462955196
0.19,1.2590417104977318,-0.4360807332892951,-2.3827225971738777
0.2,1.2545617670349802,-0.45994268818905093,-2.389668382777294
0.21,1.2498428567339508,-0.4838632896555398,-2.394451910520482
0.22,1.2448845012418692,-0.5078176307634436,-2.396416311060255
0.23,1.2396865041186818,-0.5317736140855611,-2.3947803533632506
0.24,1.234249028960158,-0.5556905940842318,-2.3886156463708836
0.25,1.2285726922369973,-0.5795177721240453,-2.376819961591804
0.26,1.2226586735176772,-0.6031923028720229,-2.3580861880037007
0.27,1.2165088461795568,-0.6266370661350855,-2.3308664646088406
0.28,1.2101259321949756,-0.6497580541390967,-2.293331136193398
0.29,1.203513685096775,-0.6724413217321737,-2.2433223824220145
0.3,1.1966771057603323,-0.6945494473148582,-2.178302734114875
0.31,1.1896226961504779,-0.7159174574366484,-2.0952992902431444
0.32,1.1823587566115994,-0.7363481808368318,-1.9908453897935563
0.33,1.1748957325337415,-0.7556070223496294,-1.8609229127659461
0.34,1.167246616164607,-0.7734161892079099,-1.7009104588901538
0.35000000000000003,1.1594274087495833,-0.7894484694363727,-1.505545586802413
0.36,1.1514576467758793,-0.8033207638979423,-1.2689133055114987
0.37,1.1433609934716242,-0.8145877217612005,-0.9844782671401484
0.38,1.1351658923406553,-0.8227360363177487,-0.6451846441694977
0.39,1.1269062727452694,-0.8271802354923343,-0.2436551907476292
0.4,1.1186222876308087,-0.8272611543523978,0.22747141873494758
0.41000000000000003,1.1103610496582217,-0.822248696617652,0.77502012821421
0.42,1.102177313698456,-0.8113509431094694,1.4045305734222984
0.43,1.0941340307960326,-0.7937320681421193,2.119244420047732
0.44,1.0863026723356137,-0.7685417385097849,2.918821506419148
0.45,1.078763196025837,-0.7349584771203334,3.79783077147117
0.46,1.0716035027932074,-0.6922485905299185,4.744146546611811
0.47000000000000003,1.0649182242152389,-0.6398403879131735,5.737493976737185
0.48,1.058806695034944,-0.5774103651272638,6.748510580444764
0.49,1.0533700169126936,-0.5049738975906783,7.738782926872331
0.5,1.0487072170831304,-0.42296840795373963,8.662315000515408
0.51,1.0449106487536186,-0.3323132281264333,9.468720964945858
0.52,1.0420609525206015,-0.23442923777433505,10.1080771054738
0.53,1.0402220639981319,-0.13120452738114252,10.536864973164707
0.54,1.0394368619729788,-0.0249004774947858,10.723945004106637
0.55,1.0397240544482362,0.08199544280487608,10.655239055825742
0.56,1.0410767708290762,0.18695139872549155,10.335952128297354
0.5700000000000001,1.043463082422746,0.28757987709960614,9.78974354652556
0.58,1.0468283683710682,0.3818039450401728,9.055070041587772
0.59,1.0510991613235492,0.46797752840253254,8.179646630884175
0.6,1.0561879189391188,0.5449474290406523,7.21433349673977
0.61,1.0619981099043623,0.6120574628239189,6.207673259913547
0.62,1.068429068195597,0.6691052788244759,5.201889940197853
0.63,1.0753802154808516,0.7162679168414409,4.23063766319514
0.64,1.0827544265324258,0.7540128518399466,3.3183493365060075
0.65,1.0904604725176505,0.783008506080901,2.4807815116848637
0.66,1.098414596654044,0.8040438211636743,1.7262815048698084
0.67,1.1065413489409242,0.8179620270406727,1.0573596705298627
0.68,1.1147738371948575,0.825610150686,0.4722650585356001
0.6900000000000001,1.1230535519546443,0.8278033966239781,-0.03361587093998519
0.7000000000000001,1.131329905127337,0.8253022232120378,-0.4666188114480665
0.71,1.1395595964188852,0.818799463063904,-0.8339332181786832
0.72,1.1477058943886154,0.8089148923145111,-1.1429809316999084
0.73,1.1557378942651755,0.7961949904194828,-1.4009994473057366
0.74,1.1636297941970049,0.7811160740628875,-1.6147838240133345
0.75,1.171360215746433,0.7640894296004568,-1.790545068472817
0.76,1.178911582789014,0.7454674548364381,-1.9338498843309275
0.77,1.1862695648431618,0.7255501334482415,-2.049614393308395
0.78,1.1934225854579787,0.7045914040267476,-2.142131490990376
0.79,1.2003613929236967,0.6828051597604304,-2.2151173622730536
0.8,1.2070786886531872,0.6603707366736169,-2.2717672550896624
0.81,1.213568807657169,0.6374378303016811,-2.3148140192974958
0.8200000000000001,1.2198274452592208,0.6141308333804933,-2.346585364940066
0.8300000000000001,1.2258514243247787,0.5905526190826319,-2.3690574946322287
0.84,1.2316384976408734,0.5667878120643546,-2.38390390902324
0.85,1.237187180566066,0.5429055978814081,-2.392538927566061
0.86,1.2424966095985017,0.5189621235977306,-2.396155929169429
0.87,1.2475664230380206,0.4950025410124259,-2.3957605878915214
0.88,1.2523966604187502,0.4710627404632178,-2.3921995219501095
0.89,1.2569876778472848,0.44717081867737024,-2.3861848352194
0.9,1.2613400767922975,0.4233483193002508,-2.3783150402044906
0.91,1.2654546442332897,0.39961127994313284,-2.369092831219104
0.92,1.26933230239116,0.37597111508719755,-2.3589401399679537
0.93,1.2729740665350338,0.3524353600782367,-2.3482108618242057
0.9400000000000001,1.2763810095927248,0.3290082977926205,-2.337201595299043
0.9500000000000001,1.279554232490886,0.3056914863522295,-2.3261606927791547
0.96,1.2824948393197693,0.28248420349162906,-2.31529587934093
0.97,1.2852039165607185,0.25938382079904143,-2.3047806591765942
0.98,1.28768251573575,0.23638611902244788,-2.2947596961421186
0.99,1.2899316389411675,0.2134855539114079,-2.2853533260658825
1.0,1.2919522268139783,0.19067548061380915,-2.276661333453867
1.01,1.2937451485534435,0.16794834342799256,-2.268766103709452
1.02,1.2953111936825379,0.14529583669175916,-2.26173524353723
1.03,1.2966510652872787,0.12270904174204182,-2.255623746406237
1.04,1.297765374517379,0.10017854417793252,-2.2504757664156227
1.05,1.2986546361708375,0.07769453508448537,-2.2463260522738064
1.06,1.2993192652190686,0.05524689940789891,-2.243201083043486
1.07,1.2997595741589953,0.03282529430005031,-2.241119938526234
1.08,1.2999757711050695,0.010419219960423654,-2.2400949293990973
1.09,1.2999679585582038,-0.011981914712747201,-2.2401320052350733
1.1,1.2997361328108146,-0.03438872949954406,-2.241230952124298
1.11,1.2992801839682129,-0.056811811187984534,-2.243385385563798
1.12,1.2985998965870547,-0.07926165080786339,-2.246582538411972
1.1300000000000001,1.2976949509520554,-0.10174857768905257,-2.2508028378258627
1.1400000000000001,1.2965649250332736,-0.1242826881733371,-2.256019259031042
1.1500000000000001,1.2952092971885887,-0.14687376665512228,-2.2621964373259957
1.16,1.2936274497001712,-0.16953119640522796,-2.269289512695141
1.17,1.2918186732604842,-0.19226385733660498,-2.2772426735802638
1.18,1.2897821725534393,-0.21508000749201173,-2.285987357501085
1.19,1.287517073110644,-0.23798714455980294,-2.2954400560571546
1.2,1.285022429662243,-0.2609918431405371,-2.3054996600896778
1.21,1.282297236247833,-0.2840995627765053,-2.3160442671039605
1.22,1.2793404384067129,-0.3073144208974597,-2.326927357086925
1.23,1.2761509478298838,-0.3306389238039197,-2.337973224205076
1.24,1.2727276599306343,-0.35407364757554916,-2.348971530120822
1.25,1.2690694748783726,-0.3776168593231718,-2.3596708194037106
1.26,1.2651753227441707,-0.4012640674619917,-2.3697708083602813
1.27,1.2610441935291328,-0.42500748763021534,-2.378913225284439
1.28,1.2566751729915664,-0.44883540846946124,-2.386670942564736
1.29,1.2520674853597433,-0.47273143868009504,-2.3925350995620214
1.3,1.2472205442179642,-0.4966736135308182,-2.39589987058261
1.31,1.2421340130891267,-0.5206333353161481,-2.396044486483375
1.32,1.2368078775116411,-0.5445741181227606,-2.3921120748391322
1.33,1.2312425307266714,-0.5684501027363438,-2.383084847877507
1.34,1.225438875456914,-0.5922043027192431,-2.367755148702354
1.35,1.2193984446722865,-0.6157665378574079,-2.3446918789306075
1.36,1.213123544699766,-0.6390510067338053,-2.3122018963488733
1.37,1.2066174245376105,-0.6619534468232761,-2.268286121545277
1.3800000000000001,1.1998844757633005,-0.6843478293014601,-2.2105903740915194
1.3900000000000001,1.1929304679515813,-0.7060825383598055,-2.1363514375775545
1.4000000000000001,1.1857628249961045,-0.7269759936464859,-2.0423396197585264
1.41,1.1783909480786519,-0.7468116930033892,-1.924800251622139
1.42,1.170826591136037,-0.7653326858377978,-1.77939831525957
1.43,1.163084294361896,-0.7822355419025846,-1.6011728976977917
1.44,1.1551818802979854,-0.7971639646470693,-1.3845116511991522
1.45,1.1471410150689547,-0.8097023234113988,-1.1231601016667603
1.46,1.1389878338297574,-0.8193695569133626,-0.8102865987259995
1.47,1.1307536239306877,-0.8256141440471045,-0.43863082802239184
1.48,1.1224755509488153,-0.827811155838661,-0.0007715302889099718
1.49,1.1141974008139144,-0.8252627935046871,0.5104439970836947
1.5,1.1059702950787218,-0.8172042607191692,1.101262560019891
1.51,1.0978533155995311,-0.8028172569161035,1.776138200593235
1.52,1.0899139499403998,-0.781253702459107,2.5365726908060635
1.53,1.082228241550349,-0.7516723346936194,3.3797008622914637
1.54,1.0748805032465274,-0.7132902903086324,4.296708014705929
1.55,1.0679624357441762,-0.6654504118606849,5.271267674883585
1.56,1.0615714950093136,-0.6077025225206052,6.27831019313236
1.57,1.055808385293764,-0.5398932421270802,7.283545885572623
1.58,1.0507736301667718,-0.46225442925523563,8.24421668879629
1.59,1.0465632967086593,-0.37547600185355645,9.11146879153954
1.6,1.0432641101297009,-0.2807463032983658,9.834470919498585
1.61,1.040948370642692,-0.17974417528225356,10.365954683723862
1.62,1.0396692266240557,-0.07457274862363317,10.668330648000218
1.6300000000000001,1.0394569156702194,0.03236458939347914,10.719136955422243
1.6400000000000001,1.0403165184119254,0.13853288838331018,10.514522842543968
1.6500000000000001,1.0422275734378856,0.24145481358479134,10.069862197752265
1.6600000000000001,1.045145614683621,0.338890786433258,9.417332371941066
1.67,1.0490053891665507,0.42898294464083037,8.601099269573407
1.68,1.0537252735764375,0.510344960863236,7.67130397490771
1.69,1.0592122883838153,0.5820923119901644,6.678166250477971
1.7,1.0653671198162409,0.6438193239317176,5.667236137832656
1.71,1.0720886748624496,0.6955371273648994,4.676324548803703
1.72,1.0792778623635388,0.7375894863183936,3.734147241895137
1.73,1.0868404645888174,0.7705620813760551,2.86037176963716
1.74,1.0946891039910598,0.7951969707889452,2.066606112940863
1.75,1.1027444040045962,0.8123193723320261,1.3578741956753033
1.76,1.1109354914377,0.8227798406530745,0.7342194685343704
1.77,1.1192000008176575,0.8274119447424187,0.19220134933446964
1.78,1.1274837303325485,0.8270037558358735,-0.27383913064352594
1.79,1.135740075934375,0.8222806314258221,-0.6707857513667581
1.8,1.1439293429610649,0.8138966253883395,-1.0060154561297665
1.81,1.1520180084421416,0.8024320872375031,-1.2868921740375088
1.82,1.1599779847058147,0.7883954236915319,-1.5204405351567303
1.83,1.167785916915972,0.7722274464511397,-1.7131549129217096
1.84,1.1754225336348374,0.7543071458866988,-1.8709051999664712
1.85,1.182872059833706,0.7349580780883007,-1.9989083597131374
1.86,1.1901216951966032,0.7144548249688164,-2.1017422641837333
1.87,1.1971611563330822,0.6930291897571029,-2.183384778158966
1.8800000000000001,1.2039822789917454,0.6708759347837991,-2.247266216501795
1.8900000000000001,1.2105786750287584,0.6481579675560833,-2.2963272290413586
1.9000000000000001,1.216945438342867,0.6250109462382776,-2.333077034519806
1.9100000000000001,1.2230788939535238,0.6015473163286387,-2.3596489474079743
1.92,1.2289763846694397,0.5778598139775676,-2.3778515228062425
1.93,1.234636090233075,0.5540244835765483,-2.389214557397615
1.94,1.2400568743409708,0.5301032619665509,-2.3950297646018757
1.95,1.2452381554724061,0.50614618168109,-2.396386292490292
1.96,1.2501797979745926,0.4821932429748142,-2.3942014487648793
1.97,1.2548820203319024,0.45827600027290527,-2.3892470916169084
1.98,1.2593453179800507,0.4344189039362802,-2.3821721757081122
1.99,1.263570398410628,0.4106404333869841,-2.3735219341511096
2.0,1.2675581266477902,0.38695405298101704,-2.363754147042303
2.0100000000000002,1.2713094794702482,0.3633690177169714,-2.3532529057668325
2.02,1.2748255070021295,0.3398910520038509,-2.342340236857262
2.0300000000000002,1.2781073005103252,0.31652292130040505,-2.3312859038319034
2.04,1.2811559654281375,0.2932649134684808,-2.3203156625529386
2.05,1.2839725987796946,0.2701152441234513,-2.309618206452971
2.06,1.2865582703106067,0.24707039807632522,-2.2993510029722417
2.07,1.2889140067412213,0.22412541710260264,-2.2896451917722738
2.08,1.2910407786526585,0.2012741427010757,-2.2806096885331177
2.09,1.2929394895952426,0.17850942118314367,-2.2723346150532837
2.1,1.2946109670763213,0.15582327732513931,-2.2648941565475895
2.11,1.2960559551417452,0.1332070618921018,-2.2583489300599133
2.12,1.2972751083141632,0.11065157757494958,-2.252747933370531
2.13,1.2982689866932442,0.08814718725157394,-2.248130131304595
2.14,1.2990380520591946,0.06568390796706919,-2.244525725596356
2.15,1.2995826648525854,0.04325149361346675,-2.2419571451241316
2.16,1.2999030819314639,0.020839508962208708,-2.240439785127477
2.17,1.2999994550318297,-0.0015626025469398092,-2.239982516702226
2.18,1.2998718298805252,-0.023965455036534376,-2.240587981216687
2.19,1.299520145931099,-0.0463796583331028,-2.242252678096998
2.2,1.2989442367138633,-0.0688157559660806,-2.2449668484985614
2.21,1.2981438308117774,-0.09128416096621383,-2.2487141515280857
2.22,1.2971185534945389,-0.11379508734247433,-2.253471123724013
2.23,1.2958679290649278,-0.13635847499237433,-2.259206406255987
2.24,1.2943913839946912,-0.1589839056115127,-2.265879717571689
2.25,1.2926882509526976,-0.18168050690834028,-2.273440541793823
2.2600000000000002,1.2907577738565243,-0.20445684209142617,-2.2818264948233535
2.27,1.2885991141108688,-0.22732078116847218,-2.2909613205858483
2.2800000000000002,1.2862113582331547,-0.2502793500658262,-2.3007524588849515
2.29,1.2835935271095522,-0.2733385529281874,-2.3110881135872883
2.3000000000000003,1.2807445871745908,-0.29650316217116696,-2.321833735008628
2.31,1.2776634638661288,-0.31977646991131325,-2.332827813020633
2.32,1.2743490577763648,-0.3431599932621341,-2.3438768571435293
2.33,1.2708002640008862,-0.3666531246294189,-2.354749416313431
2.34,1.2670159952837763,-0.3902527165295497,-2.365168963712723
2.35,1.2629952096702952,-0.4139525885515817,-2.3748054406936707
2.36,1.2587369435127447,-0.43774294184617335,-2.383265218224667
2.37,1.2542403508333717,-0.46160966390999175,-2.3900791945390125
2.38,1.2495047502345447,-0.4855335034043924,-2.394688704341112
2.39,1.2445296807652837,-0.5094890912730039,-2.396428869381188
2.4,1.2393149684090847,-0.5334437804951218,-2.3945089750423865
2.41,1.2338608051553814,-0.5573562724568134,-2.3879894172959504
2.42,1.2281678429599485,-0.5811749932250493,-2.375754736351227
2.43,1.2222373052908804,-0.6048361781528059,-2.356482249200086
2.44,1.2160711193968923,-0.6282616185531898,-2.328605830876711
2.45,1.2096720729198167,-0.6513560202092639,-2.290274500338102
2.46,1.203043998992707,-0.6740039211137202,-2.2393056805531764
2.47,1.1961919944975423,-0.6960661164153895,-2.1731333797806878
2.48,1.1891226766643994,-0.7173755441178933,-2.0887521607200576
2.49,1.1818444836151845,-0.7377325985883495,-1.9826587333711894
2.5,1.1743680246926322,-0.7568998645907405,-1.8507944671070222
2.5100000000000002,1.1667064863233696,-0.7745963081503391,-1.6884942448126878
2.52,1.1588760985296256,-0.7904910297954629,-1.4904500842120867
2.5300000000000002,1.1508966657274602,-0.80419679043146,-1.2507020429873221
2.54,1.1427921627209963,-0.8152636720070208,-0.9626742721248309
2.5500000000000003,1.1345913922873199,-0.823173446864791,-0.6192806994292068
2.56,1.1263286937837005,-0.8273355122891207,-0.21313238543673219
2.57,1.1180446820415373,-0.827085604896068,0.2631138640472779
2.58,1.109786981685779,-0.8216889329367776,0.8162205278108106
2.59,1.1016109033828019,-0.8103498153708854,1.4516029853676384
2.6,1.0935799853783614,-0.792230311834956,2.1722977218182393
2.61,1.0857662971461028,-0.7664805208742765,2.9776604703176517
2.62,1.078250374960876,-0.7322829928661545,3.8618451313067528
2.63,1.0711206372887798,-0.6889127616049538,4.812201120933377
2.64,1.064472119728777,-0.6358125483760885,5.807841524839693
2.65,1.0584043863212582,-0.5726795551318768,6.818757124002635
2.66,1.0530185286261395,-0.49955607459016266,7.805938984340202
2.67,1.048413264829455,-0.41691157631860687,8.722960669970961
2.68,1.0446802970997675,-0.32570030242244974,9.519294109260466
2.69,1.041899258781006,-0.22737752028929303,10.145262317370875
2.7,1.0401327466939816,-0.12386108907403524,10.558023925680683
2.71,1.0394220369995253,-0.017433467247209664,10.727500439684434
2.72,1.0397840773490374,0.08940863757845358,10.640920525448212
2.73,1.0412102097510942,0.19413743666282396,10.304839291425862
2.74,1.0436668260822939,0.2943821097855339,9.74409533311613
2.75,1.047097851946805,0.3880925122969538,8.997985169167848
2.7600000000000002,1.0514286763282328,0.4736556390735488,8.114640186151153
2.77,1.056570964728276,0.5499534528026616,7.144922559671413
2.7800000000000002,1.062427745384286,0.6163632863017635,6.137044140148965
2.79,1.0688982304543113,0.6727119271032653,5.132684020151411
2.8000000000000003,1.0758819839263516,0.7191996360588092,4.164857770957367
2.81,1.0832822231754875,0.7563107469511893,3.2573644075186428
2.82,1.0910081988653755,0.7847245534732947,2.4253968969024458
2.83,1.0989767142449536,0.8052357526759965,1.6768429436378929
2.84,1.1071129139188953,0.8186892965285095,1.013865826864722
2.85,1.1153505001755237,0.8259309869405357,0.4344722555405176
2.86,1.123631533657706,0.8277728219454581,-0.06610525455603833
2.87,1.131905956614433,0.8249708603214797,-0.49428707023963714
2.88,1.1401309508641357,0.818212943002936,-0.8572963934691029
2.89,1.1482702154744915,0.8081136928493834,-1.1625536372414302
2.9,1.1562932247211233,0.7952145634677467,-1.4172722390859236
2.91,1.1641745067438465,0.7799871523135781,-1.6282099917478017
2.92,1.1718929677673948,0.7628384315935309,-1.8015341522616288
2.93,1.179431275375717,0.7441169320433799,-1.9427657577685655
2.94,1.1867753064082622,0.7241192218664316,-2.0567762776211027
2.95,1.1939136598130455,0.7030962569015352,-2.147816715358182
2.96,1.200837231546293,0.6812593480961214,-2.21956504572457
2.97,1.2075388467749681,0.658785611073568,-2.2751823587861115
2.98,1.2140129437677647,0.6358228421927168,-2.3173714173841318
2.99,1.2202553036188226,0.6124938164927103,-2.3484337226171705
3.0,1.2262628200976189,0.5889000336898172,-2.3703228379614387
3.0100000000000002,1.2320333042926188,0.5651249553286943,-2.3846928342631526
3.02,1.2375653192041927,0.541236783967342,-2.392941438007321
3.0300000000000002,1.2428580399719658,0.5172908372189663,-2.3962479116678215
3.04,1.247911135948572,0.49333156788663046,-2.395605954799341
3.0500000000000003,1.2527246713296982,0.4693942778594696,-2.391852050632836
3.06,1.2572990215057613,0.44550656890932905,-2.385689739395276
3.0700000000000003,1.261634802707885,0.42168956867878726,-2.377710306713083
3.08,1.2657328128793373,0.39795896537682895,-2.368410353678581
3.09,1.2695939820154216,0.3743258802190461,-2.358206677877982
3.1,1.273219330483718,0.3507976025772066,-2.3474488504899185
3.11,1.2766099340669657,0.32737820918085214,-2.3364298287809726
3.12,1.279766894667335,0.3040690855415521,-2.3253948990790394
3.13,1.2826913157777966,0.28086936502466653,-2.3145492042980775
3.14,1.2853842819678285,0.2577762986376386,-2.3040640731075093
3.15,1.2878468417505495,0.23478556659655178,-2.2940823351098576
3.16,1.2900799932997595,0.21189154103200228,-2.284722777800044
3.17,1.2920846725711896,0.18908750776133826,-2.2760838763327604
3.18,1.2938617434549864,0.16636585385050268,-2.268246905834354
3.19,1.2954119896481997,0.14371822668260356,-2.261278527745469
3.2,1.2967361079886384,0.12113566941359195,-2.255232926056852
3.21,1.2978347030364714,0.09860873700374644,-2.2501535559122514
3.22,1.298708282728713,0.07612759644648348,-2.246074555540341
3.23,1.2993572549654009,0.05368211435619524,-2.243021862517306
3.24,1.299781925015837,0.03126193471029715,-2.241014066662312
3.25,1.2999824936596067,0.00885654925614271,-2.2400630241685766
3.2600000000000002,1.2999590560009597,-0.013544637117892541,-2.240174250638473
3.27,1.299711600917249,-0.03595224389262437,-2.2413471043078923
3.2800000000000002,1.2992400111231073,-0.05837685323773639,-2.243574764714512
3.29,1.2985440638524943,-0.08082894709230107,-2.2468440061984216
3.3000000000000003,1.2976234321812614,-0.10331884092198412,-2.251134759738189
3.31,1.2964776870340546,-0.12585661197335982,-2.2564194505369475
3.3200000000000003,1.2951062999417944,-0.1484520196875015,-2.2626620922913867
3.33,1.293508646640305,-0.17111441570896072,-2.2698171120004558
3.34,1.2916840116276154,-0.19385264062537313,-2.277827871282028
3.35,1.2896315938277976,-0.2166749041879085,-2.286624841225045
3.36,1.2873505135438572,-0.23958864528175766,-2.2961233775447862
3.37,1.2848398209221625,-0.2626003673241427,-2.3062210309322295
3.38,1.2820985061973744,-0.28571544404711907,-2.3167943136630456
3.39,1.2791255120412202,-0.30893788975239217,-2.327694827391575
3.4,1.2759197484023266,-0.3322700870803677,-2.338744638203535
3.41,1.2724801102996128,-0.3557124640864948,-2.3497307630218827
3.42,1.2688054991205968,-0.3792631109312994,-2.360398605939032
3.43,1.2648948480809867,-0.4029173247290556,-2.370444153612218
3.44,1.2607471526260154,-0.42666706902331836,-2.379504705240332
3.45,1.2563615067005203,-0.4505003319234412,-2.387147874784239
3.46,1.2517371459875466,-0.4744003641039526,-2.3928585613180386
3.47,1.2468734994184412,-0.4983447746038035,-2.3960235386521442
3.48,1.2417702504954706,-0.5223044586450699,-2.3959132696011403
3.49,1.23642741024554,-0.5462423275280531,-2.3916605069955015
3.5,1.2308454039449097,-0.5701118061063012,-2.3822352086541168
3.5100000000000002,1.225025174123414,-0.5938550585320718,-2.366415276500005
3.52,1.2189683027742684,-0.6174008981420336,-2.34275264549236
3.5300000000000002,1.2126771561605734,-0.6406623329608434,-2.3095343182695993
3.54,1.2061550561150514,-0.663533695048213,-2.264738099204326
3.5500000000000003,1.199406482259609,-0.685887300916962,-2.2059830745454816
3.56,1.1924373100967123,-0.7075695931940432,-2.130475380870746
3.5700000000000003,1.1852550903957282,-0.7283967230749305,-2.0349505953067193
3.58,1.1778693756352137,-0.7481495525146291,-1.9156152926330001
3.59,1.1702920993454358,-0.7665680895125153,-1.7680921069442475
3.6,1.1625380138449632,-0.7833454260663394,-1.5873752038205593
3.61,1.154625190824109,-0.7981213352274643,-1.3678066284044226
3.62,1.146575587140414,-0.8104758120893509,-1.1030887439728954
3.63,1.1384156745823217,-0.8199230258944291,-0.7863540170427461
3.64,1.1301771266225253,-0.8259063989775195,-0.41032059957532363
3.65,1.1218975466027714,-0.827795851398298,0.03243011541961316
3.66,1.1136212095945595,-0.8248886458500442,0.549010994231153
3.67,1.1053997736857706,-0.8164157126281272,1.145575650152249
3.68,1.097292895341997,-0.801555769477988,1.8264129798755864
3.69,1.089368658296211,-0.7794598612784275,2.59276866003653
3.7,1.0817036981164285,-0.7492889433143044,3.4414149327880788
3.71,1.074382879429925,-0.7102665587196955,4.363061986133701
3.72,1.0674983669420348,-0.6617472124937402,5.3408072590573346
3.73,1.0611479351800501,-0.6032984669937259,6.348941840945537
3.74,1.0554323976021602,-0.5347910378974771,7.352543978304231
3.75,1.0504521144221006,-0.4564866527637426,8.308333048442655
3.7600000000000002,1.0463026645468854,-0.3691091664470816,9.167164214889544
3.77,1.043069931093159,-0.2738820332782329,9.87826241888019
3.7800000000000002,1.0408250238813208,-0.17251654027437552,10.39483618189129
3.79,1.0396196002876716,-0.06714140723804299,10.680190425375216
3.8000000000000003,1.0394821957365599,0.03982493537363904,10.71307809696119
3.81,1.0404160989951443,0.14584535448699956,10.491005725710913
3.8200000000000003,1.0423991028263,0.2484535375697216,10.030630890833493
3.83,1.0453851697465388,0.3454324159890273,9.365144793027646
3.84,1.0493077511460807,0.4349547948396344,8.53933097709378
3.85,1.0540842656433318,0.5156690436069633,7.603518776372013
3.86,1.05962113201822,0.5867253302909065,6.607738560416607
3.87,1.0658187722491501,0.6477494203744484,5.5970794562917865
3.88,1.0725761204257092,0.6987785346296547,4.60874339474948
3.89,1.0797943429417431,0.7401762507768284,3.6707998346852575
3.9,1.0873796454412457,0.7725418200753711,2.8023140250233
3.91,1.0952451793432507,0.7966253081251707,2.0143835849366347
3.92,1.1033121516037492,0.8132553920410399,1.3116331982372014
3.93,1.1115102871840714,0.8232826427049692,0.6938169345486509
3.94,1.1197778044578486,0.8275382347216498,0.15730146878746432
3.95,1.1280610518785046,0.8268063087083425,-0.3036866714489137
3.96,1.1363139306320156,0.8218074425632548,-0.6960865575686346
3.97,1.1444972007297698,0.8131905682434176,-1.027288306398804
3.98,1.1525777419968841,0.8015309219073176,-1.3046409608212017
3.99,1.1605278191679163,0.7873320319037265,-1.5351370398970157
4.0,1.1683243826349587,0.7710301992212635,-1.7252294965955772
4.01,1.1759484231523416,0.7530003367573745,-1.8807429961822073
4.0200000000000005,1.1833843893701064,0.7335623762850778,-2.0068490982771374
4.03,1.1906196706780434,0.7129877190858812,-2.108082341562173
4.04,1.1976441437518242,0.6915054044080398,-2.188380594006119
4.05,1.204449778766204,0.6693078108980349,-2.2511381079948416
4.0600000000000005,1.2110302999697848,0.6465558025244378,-2.299263566724597
4.07,1.217380894816693,0.6233832936440871,-2.3352382093455515
4.08,1.2234979658426668,0.5999012471292284,-2.361171093626182
4.09,1.2293789197592777,0.5762011421688157,-2.3788498984563606
4.1,1.235021988686043,0.5523579599062617,-2.38978655405443
4.11,1.2404260789574029,0.528432739391408,-2.3952575489163115
4.12,1.245590643473871,0.5044747561467607,-2.39633910001314
4.13,1.250515574080338,0.48052337284714786,-2.3939375599094364
4.14,1.2552011109308139,0.45660960743025847,-2.388815523468445
4.15,1.2596477662289431,0.43275745919377606,-2.3816141238280304
4.16,1.2638562601146894,0.408985028589805,-2.372871996966179
4.17,1.2678274668007392,0.38530546179105185,-2.3630413627844575
4.18,1.2715623693505105,0.3617277468329724,-2.3525016288314378
4.19,1.2750620217373985,0.33825738430258867,-2.3415708772453048
4.2,1.2783275170365622,0.31489695216511027,-2.330515550250376
4.21,1.281359960780701,0.29164658137943356,-2.319558606884967
4.22,1.284160448664151,0.26850435642136355,-2.3088863847290337
4.23,1.2867300479091281,0.245466652669263,-2.2986543656910756
4.24,1.2890697817175363,0.22252842076867463,-2.2889920144266007
4.25,1.2911806163245017,0.19968342653919077,-2.280006831470172
4.26,1.29306345024832,0.17692445368025883,-2.271787740316217
4.2700000000000005,1.2947191053981066,0.1542434754383179,-2.264407908071971
4.28,1.2961483197570862,0.13163180048540413,-2.2579270825107836
4.29,1.2973517414078148,0.10908019750298728,-2.252393513972587
4.3,1.2983299237071462,0.08657900234204446,-2.2478455182159762
4.3100000000000005,1.2990833214546558,0.06411821112255194,-2.2443127256825304
4.32,1.2996122879295973,0.04168756222722772,-2.2418170533823116
4.33,1.2999170726992004,0.019276609822938353,-2.240373427475562
4.34,1.2999978201260562,-0.0031252087012553463,-2.239990277363178
4.3500000000000005,1.2998545685251757,-0.02552850916549395,-2.2406698154845435
4.36,1.2994872499427466,-0.04794389879716969,-2.242408110850605
4.37,1.2988956905492324,-0.07038191414352474,-2.245194958420405
4.38,1.298079611659876,-0.09285295663850485,-2.249013540575615
4.39,1.2970386314164624,-0.1153672236962663,-2.253839870976676
4.4,1.2957722671859508,-0.1379346330751977,-2.2596420048096064
4.41,1.2942799387549584,-0.16056473806254015,-2.2663789926588818
4.42,1.2925609724247,-0.18326663076463218,-2.273999547759524
4.43,1.2906146061396657,-0.206048830443238,-2.282440387961639
4.44,1.2884399958158352,-0.22891915340369318,-2.2916242041293993
4.45,1.2860362230715918,-0.25188456040239504,-2.3014571956109693
4.46,1.2834023046077874,-0.27495097688315157,-2.3118261005403378
4.47,1.2805372035339289,-0.2981230805544339,-2.3225946337161245
4.48,1.2774398429966987,-0.3214040498593289,-2.333599227262885
4.49,1.2741091225367422,-0.3447952657396845,-2.3446439488082373
4.5,1.270543937681905,-0.3682959577241526,-2.3554944480853806
4.51,1.266743203382259,-0.39190278374106347,-2.3658707552968017
4.5200000000000005,1.2627058820070836,-0.4156093311321697,-2.3754387229244474
4.53,1.2584310167596158,-0.4394055240806628,-2.3837998667741793
4.54,1.2539177715254703,-0.46327692002462245,-2.390479322017752
4.55,1.2491654783591233,-0.48720387456701275,-2.3949115864603066
4.5600000000000005,1.2441736940341301,-0.5111605508875242,-2.3964236776419927
4.57,1.2389422673413726,-0.5351137457026454,-2.3942152853822396
4.58,1.2334714191200769,-0.5590214994378679,-2.387335461662267
4.59,1.227761837352615,-0.5828314535608923,-2.3746553629426064
4.6000000000000005,1.221814790048859,-0.6064789131662683,-2.354836558132601
4.61,1.2156322590892896,-0.629884568241119,-2.3262944568375357
4.62,1.2092170986840367,-0.6529518231486112,-2.2871565246609027
4.63,1.2025732226263175,-0.6755636816488836,-2.2352151753935736
4.64,1.1957058250510588,-0.6975791356327051,-2.1678756213707238
4.65,1.188621639913663,-0.7188290117571354,-2.082099603515343
4.66,1.181329244815916,-0.7391112443795201,-1.9743469209616038
4.67,1.1738394150260727,-0.7581855698855168,-1.840518180237717
4.68,1.1661655334182057,-0.7757676826136182,-1.6759043653825634
4.69,1.1583240613738004,-0.7915229639496011,-1.4751519018140193
4.7,1.1503350741392138,-0.8050600037661746,-1.232256061500686
4.71,1.142222861298477,-0.8159242890518229,-0.9406009956289716
4.72,1.1340165883581774,-0.8235926509312506,-0.5930713802565561
4.73,1.125751008279852,-0.8274693491334489,-0.18226826018311648
4.74,1.1174672013755085,-0.8268850362196125,0.29913084295041203
4.75,1.1092133075554598,-0.8211002708636777,0.8578222282365702
4.76,1.1010451959582348,-0.8093156997148302,1.499092001532916
4.7700000000000005,1.0930269935611632,-0.7906914141385538,2.2257651137223666
4.78,1.085231367675464,-0.7643781598835923,3.0368857372699463
4.79,1.0777394303634915,-0.7295628070253284,3.926184834382825
4.8,1.0706401115349575,-0.6855294839257706,4.8804797855287365
4.8100000000000005,1.0640288406849763,-0.6317357494284477,5.8782671139358555
4.82,1.0580053965463885,-0.5678999575174021,6.888891268273257
4.83,1.0526708415346282,-0.49409172423322617,7.872755388561925
4.84,1.048123562061724,-0.4108128533690185,8.783018784279609
4.8500000000000005,1.0444545844672477,-0.3190525819804014,9.569035493443817
4.86,1.0417425104221159,-0.2203003803376959,10.181404835097283
4.87,1.040048576860494,-0.11650339655084811,10.577991922272272
4.88,1.039412442491099,-0.00996442729949712,10.729801927997926
4.89,1.039849288314504,0.09681148425084046,10.62538038206959
4.9,1.041348672176116,0.2013015226959361,10.272627306949536
4.91,1.0438753187684229,0.3011523668997976,9.697541533822758
4.92,1.0473717195141121,0.39434123181898795,8.94023145001532
4.93,1.0517621434048028,0.4792884620942623,8.049214605039552
4.94,1.0569574887559974,0.5549111784466362,7.075328665435217
4.95,1.0628603669737355,0.6206200003904212,6.066435723321795
4.96,1.069369888763806,0.6762704772911095,5.063659656815857
4.97,1.0763857765195577,0.7220856504207873,4.099374969119728
4.98,1.0838116017722215,0.7585662750207164,3.196749950866085
4.99,1.091557102019972,0.7864021271878107,2.3704204825527633
5.0,1.0995396443159777,0.8063933419390412,1.627822467693349
5.01,1.1076849688587527,0.8193863533149368,0.9707798074857776
5.0200000000000005,1.1159273713822764,0.8262255704792062,0.3970636253680997
5.03,1.124209480268337,0.827719678364074,-0.0982420483945381
5.04,1.132481764949558,0.824620277474692,-0.5216381294818584
5.05,1.1407018858178308,0.817610193638877,-0.8803786376811398
5.0600000000000005,1.1488339688223357,0.8072988973978091,-1.1818806105324402
5.07,1.156847863765787,0.794222833171355,-1.433332234758384
5.08,1.1647184254857628,0.7788489050254677,-1.6414533944190786
5.09,1.1724248418662964,0.7615798013695164,-1.8123673367711786
5.1000000000000005,1.179950021513153,0.7427602175650833,-1.9515494241154545
5.11,1.187280046217598,0.7226833373411455,-2.0638266206720797
5.12,1.1944036882599758,0.701597162874855,-2.15340827258603
5.13,1.201311989475095,0.6797104494112344,-2.2239344201380846
5.14,1.2079978972482004,0.6571981159005171,-2.2785322820053584
5.15,1.2144559517931053,0.6342060804276208,-2.3198748125738975
5.16,1.2206820188567526,0.6108555185451913,-2.3502375639120254
5.17,1.226673062164009,0.5872465722444021,-2.371551696245791
5.18,1.2324269503016407,0.5634615534603863,-2.385452060557377
5.19,1.2379422932332167,0.539567693284762,-2.393319974567499
5.2,1.243218304167336,0.5156194896907391,-2.3963207442370598
5.21,1.2482546830270316,0.49166070480777546,-2.395436232355672
5.22,1.2530515182634916,0.46772605912057996,-2.391492905083433
5.23,1.257609204209443,0.4438426653977566,-2.3851858394812435
5.24,1.2619283715714467,0.42003124030225236,-2.377099179619605
5.25,1.2660098290154882,0.39630712687602737,-2.3677235056253925
5.26,1.269854514108967,0.3726811566377508,-2.3574705420299225
5.2700000000000005,1.273463452148243,0.349160375990906,-2.346685587339045
5.28,1.2768377216287852,0.325748658049265,-2.3356580009891483
5.29,1.2799784253092283,0.30244721784536394,-2.324630039791062
5.3,1.2828866659856923,0.2792550461703085,-2.313804295220025
5.3100000000000005,1.2855635262326344,0.2561692749630895,-2.3033499462237765
5.32,1.288010051484954,0.23318548518303878,-2.2934080097863685
5.33,1.290227235936295,0.21029796641823556,-2.2840957431742774
5.34,1.2922160108133185,0.18749993606587062,-2.2755103272987105
5.3500000000000005,1.2939772346576122,0.1647837247315586,-2.2677319395636895
5.36,1.2955116853079496,0.1421409335011613,-2.2608263065157708
5.37,1.2968200533276353,0.11956256791280409,-2.2548468111556716
5.38,1.2979029366662056,0.09703915277439695,-2.249836216525755
5.39,1.2987608363831231,0.07456083141279954,-2.245828055793727
5.4,1.2993941532944613,0.05211745248788299,-2.242847729189582
5.41,1.2998031854328806,0.02969864714427832,-2.2409133395313523
5.42,1.299988126237347,0.007293898994439517,-2.2400362904364077
5.43,1.2999490634127695,-0.015107390779872335,-2.2402216644259627
5.44,1.2996859784217494,-0.03751584106089269,-2.2414683917781075
5.45,1.2991987465915515,-0.05994202909464137,-2.2437692149716293
5.46,1.2984871378398564,-0.08239642740800579,-2.247110447701254
5.47,1.2975508180433912,-0.10488933725426912,-2.251471521551411
5.48,1.2963893510947708,-0.12743081639855613,-2.256824307305994
5.49,1.29500220171542,-0.15003059889186146,-2.26313219135507
5.5,1.2933887391169334,-0.1726980042513072,-2.27034888053408
5.51,1.2915482416303936,-0.19544183315786345,-2.2784169007771693
5.5200000000000005,1.289479902453776,-0.21827024639146192,-2.2872657459425225
5.53,1.2871828367025642,-0.24119062323519944,-2.296809622804981
5.54,1.284656089989072,-0.2642093949802731,-2.3069447262097595
5.55,1.281898648802959,-0.2873318484333542,-2.3175459644064555
5.5600000000000005,1.278909453020405,-0.31056189344671836,-2.328463038266384
5.57,1.2756874109340246,-0.3339017874332009,-2.339515759030128
5.58,1.272231417271741,-0.3573518085634467,-2.3504884670190345
5.59,1.2685403747627557,-0.3809098678383487,-2.361123387961353
5.6000000000000005,1.2646132199149742,-0.40457104844746805,-2.37111273386252
5.61,1.2604489537938064,-0.4283270587239483,-2.380089321433522
5.62,1.2560466787404951,-0.45216558254584427,-2.387615442945678
5.63,1.2514056421428894,-0.47606950817236493,-2.3931696823584554
5.64,1.246525288577048,-0.5000160132075138,-2.396131324671314
5.65,1.2414053218787393,-0.5239754796344718,-2.395761960720286
5.66,1.2360457789843586,-0.5479102086717059,-2.3911838467265403
5.67,1.2304471177053051,-0.5717729006248904,-2.381354543910361
5.68,1.2246103209718606,-0.59550486008529,-2.365037348169568
5.69,1.2185370205035992,-0.6190338820176668,-2.340767038305788
5.7,1.2122296433315072,-0.6422717699412058,-2.3068105464020094
5.71,1.205691585104775,-0.6651114342704527,-2.261122319447375
5.72,1.198927414646098,-0.6874235180974912,-2.2012944459603307
5.73,1.191943114742825,-0.7090525009981913,-2.1245021341796724
5.74,1.184746364626134,-0.7298122413916402,-2.0274459445101227
5.75,1.1773468699149923,-0.7494809382414838,-1.9062934254585726
5.76,1.1697567458613045,-0.7677955285802333,-1.7566246422913245
5.7700000000000005,1.1619909593433875,-0.7844455953816033,-1.5733887179826742
5.78,1.1540678339536723,-0.7990669496843673,-1.3508821425701343
5.79,1.1460096203497,-0.811235182621396,-1.0827644448356106
5.8,1.1378431303012442,-0.8204596695986576,-0.7621329506167025
5.8100000000000005,1.1296004269577269,-0.8261787624080383,-0.38168561125945955
5.82,1.1213195550530834,-0.8277572334955833,0.06599139375047303
5.83,1.1130452822878152,-0.8244874368684643,0.5879679316733357
5.84,1.104829806315714,-0.8155960970756455,1.1903000268904167
5.8500000000000005,1.096733360346302,-0.800259068495624,1.877105689113895
5.86,1.0888246249458013,-0.7776267025286476,2.64936750428138
5.87,1.0811808262957288,-0.7468624284230881,3.5034873168305145
5.88,1.0738873763773396,-0.7071965291980256,4.429692528181996
5.89,1.0670368957117684,-0.6579955740351978,5.410498504383558
5.9,1.0607274648966356,-0.5988453070261307,6.419554897429867
5.91,1.0550599895712456,-0.5296409731611922,7.421311875557845
5.92,1.0501346454334115,-0.4506745220554713,8.37197834558633
5.93,1.0460464991301361,-0.3627039343810213,9.222139189303679
5.94,1.042880566745791,-0.26698772221818473,9.92110324326363
5.95,1.0407067446857723,-0.16526927493596805,10.422586213179702
5.96,1.0395751812470717,-0.059702274050820986,10.69081396384971
5.97,1.039512699204756,0.047280649267296734,10.705770699773835
5.98,1.0405207942324177,0.15314111387735777,10.466322222238372
5.99,1.0425755214823034,0.25542470883851925,9.990396769993927
6.0,1.0456292884091882,0.3519375668474172,9.312174831785665
6.01,1.0496142728192517,0.44088357910636644,8.477027620004172
6.0200000000000005,1.0544469599913155,0.5209459365147152,7.535443861665577
6.03,1.0600331915495458,0.591309364554821,6.5372417463555745
6.04,1.0662731472824118,0.651630749083175,5.527035159315217
6.05,1.0730658065312093,0.7019729805485471,4.541411133759207
6.0600000000000005,1.0803126068933828,0.7427190044637076,3.6077936492729155
6.07,1.0879201866204835,0.7744812271166537,2.7446508813162804
6.08,1.0958022314357159,0.7980173690384538,1.9625775030437458
6.09,1.1038805340012527,0.8141592907820971,1.265806845684918
6.1000000000000005,1.112085417251358,0.823757379313567,0.6538108606090454
6.11,1.120355681587524,0.8276402814270076,0.1227695620790934
6.12,1.1286382228798981,0.8265881277860262,-0.333200290275387
6.13,1.1368874441432446,0.8213166783430987,-0.7210895983100958
6.140000000000001,1.14506455644676,0.8124697339680885,-1.048299276691957
6.15,1.1531368388226064,0.8006174277586843,-1.3221619651888896
6.16,1.1610769050019338,0.7862584319497103,-1.5496371966058913
6.17,1.1688620074616005,0.7698245655467888,-1.7371360839784278
6.18,1.1764733963128695,0.7516866953586024,-1.8904379536588327
6.19,1.1838957413687727,0.7321611603584284,-2.014669046375987
6.2,1.1911166195200382,0.7115162112844756,-2.1143207684145677
6.21,1.198126065594462,0.6899781511816268,-2.1932912521552073
6.22,1.2049161825436707,0.6677370000613526,-2.254938971899626
6.23,1.2114808055956892,0.6449516005608401,-2.3021409282028817
6.24,1.2178152145548875,0.6217541426690609,-2.337350650152952
6.25,1.2239158884490704,0.5982541234868347,-2.3626531862922873
6.26,1.229780297024624,0.5745417797484382,-2.3798155613870007
6.2700000000000005,1.235406724044039,0.5506910417652926,-2.3903320352421344
6.28,1.2407941178599298,0.526762061377018,-2.3954640424127893
6.29,1.2459419652715795,0.5028033660822453,-2.396275016541756
6.3,1.2508501851815748,0.4788536885900749,-2.3936604818923315
6.3100000000000005,1.2555190390433808,0.4549435167891234,-2.3883738782979576
6.32,1.2599490555173571,0.4310964043502669,-2.3810486094733476
6.33,1.264140967130386,0.4073300773411566,-2.3722167923487105
6.34,1.2680956570641801,0.38365736761600644,-2.3623251526813265
6.3500000000000005,1.2718141144827062,0.36008699950284073,-2.3517484699518194
6.36,1.2752973970542372,0.33662425250846156,-2.3408009289240153
6.37,1.2785465995328755,0.3132715194132167,-2.329745690124957
6.38,1.2815628274425015,0.29002877621720036,-2.3188029490783135
6.390000000000001,1.2843471750572195,0.26689397789430863,-2.308156715500032
6.4,1.2869007070003875,0.24386339177054053,-2.297960509253589
6.41,1.2892244428926303,0.22093187852595675,-2.2883421396631665
6.42,1.2913193445709068,0.1980931292848439,-2.2794077085594004
6.43,1.2931863054783272,0.1753398659679234,-2.271244954824704
6.44,1.2948261418902651,0.152664010999783,-2.263926038803372
6.45,1.2962395856983229,0.1300568315641277,-2.257509848327686
6.46,1.2974272785215477,0.10750906285307005,-2.252043893883843
6.47,1.298389766955384,0.08501101414250947,-2.247565848228272
6.48,1.2991274988043977,0.06255266102522905,-2.244104775227814
6.49,1.2996408201758887,0.04012372673142991,-2.241682083532014
6.5,1.2999299733390264,0.0177137551506681,-2.2403122326203473
6.51,1.2999950952789021,-0.004687822070218898,-2.2400032115570525
6.5200000000000005,1.299836216897622,-0.027091622149051947,-2.240756804209557
6.53,1.2994532628359212,-0.04950824941279722,-2.2425686485394967
6.54,1.2988460519093663,-0.07194823311382566,-2.245428091666191
6.55,1.2980142981736447,-0.0944219627548891,-2.2493178365464956
6.5600000000000005,1.2969576126542686,-0.11693961878826675,-2.2542133701290346
6.57,1.2956755057978795,-0.13951109642160134,-2.2600821565378837
6.58,1.2941673907258364,-0.16214592006441408,-2.266882572024669
6.59,1.2924325873965912,-0.1848531456789779,-2.274562550888093
6.6000000000000005,1.290470327812257,-0.2076412479487456,-2.2830579030654503
6.61,1.288279762437616,-0.23051798873605334,-2.2922902543960935
6.62,1.2858599680375358,-0.2534902627548196,-2.3021645493571627
6.63,1.2832099571825195,-0.2765639157168993,-2.3125660430587796
6.640000000000001,1.2803286897231976,-0.2997435294027269,-2.323356694106744
6.65,1.2772150865944651,-0.32303216713431165,-2.3343708522102005
6.66,1.2738680463805114,-0.34643107196395895,-2.3454101137192622
6.67,1.270286465155186,-0.36993930850357887,-2.3562371942047178
6.68,1.26646926021044,-0.3935533376713181,-2.366568639343134
6.69,1.2624153984017594,-0.41726651168516843,-2.376066163426933
6.7,1.2581239299767364,-0.44106847434543023,-2.384326368625425
6.71,1.2535940289148506,-0.46494444897768694,-2.3908685578259212
6.72,1.2488250409971824,-0.4888743933175439,-2.3951203101454706
6.73,1.2438165410484996,-0.5128319970808788,-2.396400442521504
6.74,1.2385684010555646,-0.536783493973382,-2.3938989359791356
6.75,1.2330808711690318,-0.5606862554836364,-2.3866533660717444
6.76,1.2273546759458918,-0.5844871290713968,-2.3735213514803335
6.7700000000000005,1.2213911285876038,-0.6081204785048635,-2.3531485352130193
6.78,1.2151922663757944,-0.6315058794717997,-2.323931658174229
6.79,1.2087610109981677,-0.6545454197791003,-2.283976403285883
6.8,1.2021013579802124,-0.6771205514007625,-2.23104992104657
6.8100000000000005,1.1952185999701523,-0.69908844277254,-2.1625283533089243
6.82,1.1881195891247616,-0.7202777862058727,-2.0753403333576097
6.83,1.180813044246035,-0.7404840302159843,-1.9659084686647228
6.84,1.173309908520442,-0.7594640343297117,-1.8300923540807479
6.8500000000000005,1.1656237635594406,-0.7769301905985312,-1.6631388996831586
6.86,1.1577713047084712,-0.7925441295928713,-1.4596488991848804
6.87,1.1497728809675833,-0.8059102392068577,-1.2135730236123785
6.88,1.1416530999243342,-0.8165693840972996,-0.9182559544760007
6.890000000000001,1.1334414932856374,-0.8239934346202512,-0.5665541501143201
6.9,1.1251732312319291,-0.8275815072372931,-0.15106037329405675
6.91,1.1168898631408914,-0.8266591866923247,0.33552448228772347
6.92,1.1086400474980824,-0.8204824306050176,0.8998267351737184
6.93,1.1004802145287909,-0.8082483064006148,1.5469981057068232
6.94,1.09247508137007,-0.7891150880297735,2.2796455684614436
6.95,1.0846979127681955,-0.7622343890798948,3.096494221514284
6.96,1.0772303935884722,-0.7267976969894034,3.990844196583982
6.97,1.0701619588284073,-0.682098606835486,4.948973834199519
6.98,1.0635884214517624,-0.627609943380108,5.9487588568760685
6.99,1.057609759960805,-0.5630716580073462,6.95889821767631
7.0,1.0523269882916153,-0.4885810905346115,7.939215276870611
7.01,1.0478381381501127,-0.40467265482267156,8.842471865517378
7.0200000000000005,1.044233535195162,-0.3123706506553523,9.617928967946472
7.03,1.0415907251370058,-0.21319854597530194,10.2164919680636
7.04,1.039969564275656,-0.10913227810857462,10.596761605281863
7.05,1.0394080795748342,-0.002494227056481557,10.730848605136751
7.0600000000000005,1.0399196797345263,0.10420313794550408,10.608624395260374
7.07,1.0414921423337442,0.2084428982135123,10.239327658341267
7.08,1.0440885376987965,0.307890024576139,9.650097614184075
7.09,1.047649942825267,0.4005496437538664,8.881826221361406
7.1000000000000005,1.0520995305738738,0.48487571020550924,7.9833870689671595
7.11,1.0573474570293773,0.5598204817665057,7.005567243232132
7.12,1.063295940209204,0.6248276214197681,5.99586068742036
7.13,1.0698440094577728,0.679781056704022,4.994826369430427
7.140000000000001,1.0768915613432846,0.7249261669630515,4.034195682375456
7.15,1.0843425327970337,0.7607796937154131,3.1365096680968687
7.16,1.0921071552175927,0.7880415109025104,2.315853769322591
7.17,1.1001033630150838,0.8075168794001616,1.5792199302076462
7.18,1.108257492805596,0.8200534806823797,0.9281003262359793
7.19,1.1165044326287314,0.8264941681497615,0.3600371672403777
7.2,1.1247873761685911,0.8276442107972001,-0.13002863775266427
7.21,1.1330573168446754,0.8242506950177529,-0.548674518136754
7.22,1.141272390068946,0.8169914101351168,-0.9031824583904782
7.23,1.1493971450473777,0.8064706766802469,-1.2009642325835044
7.24,1.157401803602551,0.7932199473760629,-1.4491816282532897
7.25,1.165261543994899,0.7777014591845814,-1.654516010043007
7.26,1.1729558327862428,0.7603136472511536,-1.823046376642568
7.2700000000000005,1.1804678169399223,0.7413974032639832,-1.9602024207915119
7.28,1.1877837808515226,0.7212425573758431,-2.070766756836502
7.29,1.1948926680874392,0.7000941870299996,-2.158907312332205
7.3,1.2017856645921228,0.6781585181165375,-2.228226470360216
7.3100000000000005,1.2084558384497701,0.6556082964415743,-2.2818178646324307
7.32,1.2148978305209543,0.632587582525347,-2.322324918613027
7.33,1.2211075901002773,0.6092159704637599,-2.351997493704398
7.34,1.2270821499302296,0.5855922600902769,-2.3727445809921903
7.3500000000000005,1.2328194353020827,0.5617976270867516,-2.3861820197128614
7.36,1.2383181024719645,0.5378983424818108,-2.3936749012753116
7.37,1.243577402151719,0.5139480943082889,-2.3963747334290515
7.38,1.2485970643581303,0.489989962248762,-2.395251678476327
7.390000000000001,1.2533772013966942,0.46605809234573353,-2.3911223021293666
7.4,1.257918226205045,0.442179114246913,-2.384673317634747
7.41,1.2622207836816324,0.41837333859947495,-2.376481811852853
7.42,1.2662856929770343,0.39465576746340025,-2.3670324153620927
7.43,1.2701138990309002,0.3710369461866603,-2.356731839985905
7.44,1.2737064319007674,0.3475236811743836,-2.345921162469436
7.45,1.2770643726543878,0.3241196444254564,-2.3348861873160027
7.46,1.2801888247892765,0.30082588259926135,-2.323866177922997
7.47,1.2830808903063728,0.27764124568624676,-2.3130612046799244
7.48,1.2857416497030014,0.25456274805134566,-2.302638322300296
7.49,1.2881721452673998,0.23158587265724878,-2.292736756519077
7.5,1.2903733671561464,0.20870482761338313,-2.283472252254051
7.51,1.2923462418196676,0.18591276279666696,-2.274940711089183
7.5200000000000005,1.2940916224120798,0.16320195311573438,-2.2672212250973325
7.53,1.2956102808819823,0.14056395400944557,-2.2603785961604306
7.54,1.2969029014922688,0.11798973395536347,-2.254465414655992
7.55,1.2979700755610897,0.09546978809071871,-2.24952375827296
7.5600000000000005,1.2988122972540832,0.07299423649713874,-2.245586560443034
7.57,1.2994299602910324,0.05055291025439344,-2.242678688106024
7.58,1.2998233554591712,0.02813542801394921,-2.2408177599828223
7.59,1.2999926688513115,0.005731265569282815,-2.2400147289504573
7.6000000000000005,1.299937980770557,-0.016670179301812846,-2.240274245268675
7.61,1.2996592652652754,-0.03907952458358202,-2.241594811085159
7.62,1.2991563902788854,-0.06150734229225757,-2.2439687306499505
7.63,1.2984291184194303,-0.08396409521956605,-2.247381854811745
7.640000000000001,1.2974771083744943,-0.1064600700559556,-2.2518131124661656
7.65,1.2962999170183114,-0.12900530469575822,-2.2572338154943576
7.66,1.2948970022805792,-0.15160950735912,-2.2636067171779963
7.67,1.293267726871129,-0.1742819649295148,-2.2708847969009693
7.68,1.2914113629819888,-0.19703143759365735,-2.2790097359275387
7.69,1.2893270981192557,-0.21986603647298877,-2.287910039938747
7.7,1.287014042252529,-0.24279308044039244,-2.2974987535419835
7.71,1.2844712365104478,-0.2658189277073064,-2.307670699840813
7.72,1.2816976636983826,-0.28894877702664307,-2.318299164026522
7.73,1.2786922609699147,-0.3121864324640695,-2.329231923458771
7.74,1.2754539350491012,-0.3355340246185636,-2.340286507440041
7.75,1.2719815804775436,-0.3589916798929612,-2.3512445474394816
7.76,1.2682741014512422,-0.38255712789253465,-2.3618450524752044
7.7700000000000005,1.2643304379196931,-0.40622523522669407,-2.371776414356682
7.78,1.2601495967467085,-0.429987451864858,-2.380666913276105
7.79,1.255730688882396,-0.45383115371025967,-2.3880734558042356
7.8,1.2510729736725033,-0.4777388621646914,-2.393468235082111
7.8100000000000005,1.2461759116391022,-0.5016873181299272,-2.3962229579650436
7.82,1.241039227309905,-0.5256463841107529,-2.3955902382001004
7.83,1.2356629839568873,-0.5495777438627255,-2.3906817121944166
7.84,1.2300476724326503,-0.5734333644280628,-2.380442400873048
7.8500000000000005,1.2241943166683262,-0.597153680570445,-2.3636208276033965
7.86,1.2181045988212416,-0.620665456827218,-2.338734423751184
7.87,1.2117810075317819,-0.643879278114043,-2.304029833613824
7.88,1.2052270132589606,-0.6666866168015689,-2.2574379038913635
7.890000000000001,1.1984472751957504,-0.6889564236186467,-2.196523459524186
7.9,1.191447884786588,-0.7105311934076504,-2.1184304982765303
7.91,1.1842366513275977,-0.7312224672893387,-2.019824278061132
7.92,1.1768234354408014,-0.7508057539458175,-1.896833053234631
7.930000000000001,1.1692205362486814,-0.7690148897344267,-1.7449941044872004
7.94,1.1614431376461127,-0.7855359172589581,-1.5592114004190956
7.95,1.1535098179035022,-0.8000006539786537,-1.3337359435200353
7.96,1.1454431245665397,-0.811980257597198,-1.0621847801888382
7.97,1.1372702127515584,-0.8209792858634092,-0.7376208730533897
7.98,1.1290235388492718,-0.8264310070018588,-0.35272335463653315
7.99,1.1207415926115214,-0.8276950507222621,0.09991461055586948
8.0,1.1124696378348264,-0.8240588944292259,0.6273166480513783
8.01,1.1042604147229367,-0.81474512766309,1.2354367051757786
8.02,1.0961747352815645,-0.7989268637898385,1.9282160694745345
8.03,1.08828187744714,-0.7757539476182437,2.70636716484443
8.040000000000001,1.0806596563291997,-0.7443925437856418,3.565913601675957
8.05,1.073394026571427,-0.7040800138773535,4.496592379981697
8.06,1.0665780560516525,-0.6541953969805719,5.4803309993746225
8.07,1.0603101186318156,-0.5943430627231978,6.490135852100214
8.08,1.0546911947971886,-0.5244432158029929,7.489833531940773
8.09,1.049821254315756,-0.44481837228537535,8.43513517158274
8.1,1.0457948273514812,-0.3562608130048663,9.276376684519075
8.11,1.0426960380556585,-0.2600640354159559,9.962978833262998
8.120000000000001,1.040593546643162,-0.15800316753919066,10.44919474209005
8.13,1.0395359747048745,-0.05225620735197621,10.70019729535284
8.14,1.0395484224961222,0.054730866628814406,10.697217500805282
8.15,1.0406305920374506,0.16041936079633223,10.440481332698281
8.16,1.0427568097120488,0.262367635956782,9.949173699391668
8.17,1.045877944756586,0.35840570056414583,9.258439222081106
8.18,1.0499249237233315,0.44676893008983115,8.414206683055951
8.19,1.0548133233583825,0.5261754416909914,7.467095637176106
8.2,1.0604484325571513,0.5958443691305145,6.466689850728522
8.21,1.0667302107409928,0.655463389646076,5.457114252383775
8.22,1.073557700350073,0.7051206388999705,4.474335598395127
8.23,1.0808326235189925,0.7452179848654983,3.5451335947104328
8.24,1.0884620600473829,0.7763805768073344,2.6873847936568005
8.25,1.0963602350551391,0.7993734428730707,1.9111884194904407
8.26,1.1044495289048444,0.8150313565873799,1.2203943233714196
8.27,1.1126608621868868,0.8242043258617281,0.6141995314982069
8.28,1.1209336154220788,0.8277183404573869,0.0886033876335639
8.290000000000001,1.1292152289960344,0.8263494450253792,-0.3623824740351087
8.3,1.1374606043225863,0.8208085456179013,-0.7457974074604814
8.31,1.1456313999083922,0.811734304496619,-1.0690508167959694
8.32,1.1536952904125186,0.7996917630460122,-1.339457473325386
8.33,1.1616252351693126,0.7851747602506702,-1.5639430857430123
8.34,1.169398785617532,0.7686106621543753,-1.7488765335159666
8.35,1.1769974484124,0.7503663209394635,-1.8999917094664036
8.36,1.1844061120363212,0.7307545142385089,-2.0223696307245236
8.370000000000001,1.19161253869717,0.7100403721954497,-2.1204587778873183
8.38,1.1986069194802302,0.6884474892479702,-2.1981178116085904
8.39,1.2053814884821294,0.6661635516243994,-2.2586697131055518
8.4,1.2119301905127182,0.6433454026406645,-2.304960083641437
8.41,1.2182483965349427,0.6201235271703581,-2.3394150104198412
8.42,1.2243326610561251,0.5966059732255983,-2.3640957785321204
8.43,1.2301805159994545,0.5728817494384955,-2.380748978888448
8.44,1.2357902960448952,0.5490237475683621,-2.3908513951382178
8.45,1.2411609909508219,0.5250912427067093,-2.3956495771923585
8.46,1.2462921208990292,0.5011320232127469,-2.3961943216001313
8.47,1.2511836314150766,0.4771841993558021,-2.39337044978882
8.48,1.2558358048861453,0.45327773533857874,-2.3879223536558545
8.49,1.2602491861218483,0.4294357445775629,-2.380475798547312
8.5,1.2644245197776967,0.4056755832871701,-2.3715564595312384
8.51,1.2683626977875917,0.3820097728220158,-2.3616056334996256
8.52,1.272064715234137,0.35844677701963645,-2.3509935269762425
8.53,1.2755316333279845,0.334991657015695,-2.3400304738120496
8.540000000000001,1.2787645483744507,0.31164662268683396,-2.3289763919601567
8.55,1.2817645657817212,0.2884114969953426,-2.3180487463381194
8.56,1.2845327783143576,0.2652841070314144,-2.307429246447511
8.57,1.2870702479223495,0.242260613432644,-2.297269473306577
8.58,1.2893779905830105,0.21933578806441242,-2.2876956003397377
8.59,1.2914569636836377,0.1965032483281698,-2.2788123469087873
8.6,1.293308055549574,0.17375565518962452,-2.2707062808002676
8.61,1.2949320767874302,0.15108488095167535,-2.263448566789565
8.620000000000001,1.2963297531686075,0.12848215190788959,-2.257097241967589
8.63,1.297501719825588,0.1059381702758486,-2.2516990844406077
8.64,1.2984485165741244,0.08344321920400487,-2.2472911299281404
8.65,1.2991705842096681,0.06098725415260508,-2.243901880351817
8.66,1.2996682616571766,0.03855998355370534,-2.2415522394281306
8.67,1.2999417838807423,0.0161509413451652,-2.2402562022798973
8.68,1.29999128048408,-0.006250446260845262,-2.240021318922195
8.69,1.2998167749555256,-0.028654797580147856,-2.240848944938324
8.700000000000001,1.2994181845324773,-0.05107271373752458,-2.2427342865370212
8.71,1.2987953206807752,-0.07351471637662313,-2.245666241282687
8.72,1.2979478902049448,-0.09599118273269334,-2.2496270299313563
8.73,1.2968754970261214,-0.11851227592636614,-2.254591608803203
8.74,1.2955776446864176,-0.14108786819933308,-2.2605268457901886
8.75,1.2940537396621348,-0.16372745460947347,-2.267390436237891
8.76,1.2923030955942283,-0.18644005442737172,-2.2751295273417567
8.77,1.2903249385735875,-0.2092340971197192,-2.283679011127736
8.78,1.288118413651834,-0.23211728935679807,-2.2929594362880423
8.790000000000001,1.2856825927864517,-0.2550964589273748,-2.3028744778273094
8.8,1.2830164844732865,-0.27817737076812155,-2.3133078903220423
8.81,1.2801190453710893,-0.30136450949599186,-2.3241198552520173
8.82,1.2769891942833669,-0.32466082184694484,-2.3351426149385808
8.83,1.2736258289341504,-0.34806741124518814,-2.34617526471008
8.84,1.270027846058463,-0.37158317532169194,-2.3569775505906843
8.85,1.2661941654277167,-0.3952043755330625,-2.367262491683427
8.86,1.2621237585478018,-0.4189241260623826,-2.376687614180595
8.870000000000001,1.2578156829064688,-0.4427317868705124,-2.3848445474453674
8.88,1.2532691228103914,-0.4666122430679529,-2.3912466920427295
8.89,1.2484834380451098,-0.49054504965648,-2.3953146256626856
8.9,1.2434582218172618,-0.5145034171205296,-2.396358867147229
8.91,1.238193369702699,-0.5384530093274389,-2.393559574234618
8.92,1.2326891616307127,-0.5623505207595266,-2.3859427121829255
8.93,1.2269463592875083,-0.5861419953517957,-2.3723522062708877
8.94,1.2209663217236768,-0.6097608443534321,-2.3514175940564073
8.950000000000001,1.2147511424004398,-0.6331255160369975,-2.321516742656667
8.96,1.208303811402937,-0.6561367663562107,-2.280733321185969
8.97,1.2016284070733156,-0.6786744777677648,-2.226808961124867
8.98,1.1947303218475818,-0.7005939748640451,-2.1570904581311905
8.99,1.1876165275760349,-0.7217217924132536,-2.0684730517105114
9.0,1.180295885999317,-0.7418508670622475,-1.9573418780882461
9.01,1.17277951023479,-0.7607351528286384,-1.8195152751899317
9.02,1.165081182942744,-0.7780837087605982,-1.6501959112020352
9.03,1.157217836059578,-0.7935543829223891,-1.4439389211561542
9.040000000000001,1.1492100952842963,-0.8067473304264392,-1.1946505796538562
9.05,1.1410828894510492,-0.8171987666157703,-0.8956366582123576
9.06,1.132866119951981,-0.8243755822744994,-0.5397264735334493
9.07,1.1245953778055593,-0.8276717461270566,-0.11950629697800519
9.08,1.1163126850294398,-0.8264077932290566,0.3722968765780226
9.09,1.108067221940978,-0.819835131360566,0.9422354971200928
9.1,1.0999159824022282,-0.8071473454097137,1.5953216930503729
9.11,1.0919242750327836,-0.7875010472780841,2.333937933275527
9.120000000000001,1.0841659614566663,-0.7600489442471292,3.1564826729154456
9.13,1.0767232961478408,-0.7239874442096933,4.055817334571738
9.14,1.0696862125724724,-0.6786199858371267,5.01767433994158
9.15,1.063150896431098,-0.6234350908932791,6.019304648827929
9.16,1.0572175107546067,-0.5581947526591451,7.028762997998869
9.17,1.0519870013779151,-0.48302442922020716,8.005301689788723
9.18,1.0475570221702024,-0.39849140846587805,8.901302461077098
9.19,1.0440171732085974,-0.3056551033821809,9.665958555662339
9.200000000000001,1.0414439201025587,-0.20607275389012422,10.250511342748993
9.21,1.0398957181307948,-0.10174856696141174,10.614326042993504
9.22,1.0394089487633305,0.004976263644228457,10.730640078134535
9.23,1.0399952434036794,0.11158275790680502,10.590658774380778
9.24,1.0416406039214665,0.21556081262919363,10.204952170096945
9.25,1.0443064596562632,0.31459446968100097,9.60177924026452
9.26,1.0479324933150864,0.40671730024195496,8.822786871926283
9.27,1.0524408056611023,0.49041710801406824,7.9171746824963645
9.28,1.057740835475368,0.5646812492042756,6.935653555545122
9.290000000000001,1.063734430645188,0.6289861744670571,5.9253314970111655
9.3,1.070320558964709,0.6832437992260522,4.926193454787843
9.31,1.077399306629709,0.7277213971542906,3.9693261308598524
9.32,1.084874986907795,0.7629512632554158,3.0766470893651947
9.33,1.0926583318948173,0.7896429893283322,2.2616981252180857
9.34,1.1006678466943616,0.8086066554005152,1.5310350892185287
9.35,1.1088304650028278,0.8206909610186736,0.8858260344131303
9.36,1.1170816659147351,0.8267370454104277,0.323390843937692
9.370000000000001,1.1253652059110364,0.8275466625061204,-0.16146742479913945
9.38,1.1336325991648577,0.823862331540897,-0.5753987682455262
9.39,1.1418424525418545,0.8163567859138807,-0.9257103571577487
9.4,1.1499597348831354,0.8056291997636694,-1.219806872884503
9.41,1.157955036537128,0.7922060524038702,-1.4648225990753483
9.42,1.165803855931213,0.7765449404029958,-1.6673998010995321
9.43,1.173485935345188,0.759040076342276,-1.8335730110444242
9.44,1.1809846574580585,0.7400285799344226,-1.9687262705262587
9.450000000000001,1.1882865069438764,0.7197969585468955,-2.0775980069791653
9.46,1.1953805966289963,0.6985873936514726,-2.164314972105429
9.47,1.2022582548169058,0.6766036079385008,-2.232442170488927
9.48,1.2089126687877665,0.654016197400265,-2.285039937158241
9.49,1.2153385787649111,0.6309673855089095,-2.324722441112846
9.5,1.2215320164979446,0.6075752027539503,-2.3537141098790078
9.51,1.2274900828199902,0.58393712221593,-2.3739019977250604
9.52,1.2332107589422634,0.5601331965350983,-2.386883138441278
9.53,1.2386927467506923,0.5362287479537237,-2.3940065778336423
9.540000000000001,1.2439353339013377,0.5122766641538952,-2.396410182132054
9.55,1.24893828003377,0.48831935050333486,-2.3950525479800073
9.56,1.2537017209114043,0.4643903854835172,-2.39074045598353
9.57,1.2582260877434404,0.44051592143455826,-2.3841523538082594
9.58,1.2625120393400955,0.41671586789309983,-2.375858354483425
9.59,1.2665604051013022,0.39300489007255257,-2.3663372096260327
9.6,1.2703721371415464,0.36939325063447226,-2.3559906779900253
9.61,1.2739482701139917,0.3458875189201764,-2.3451556648691483
9.620000000000001,1.2772898875199499,0.32249116828473345,-2.334114462219439
9.63,1.2803980934796861,0.29920507909515914,-2.3231033756954282
9.64,1.283273989101853,0.2760279622937447,-2.312319984587461
9.65,1.285918652725561,0.2529567161480462,-2.3019292445522357
9.66,1.2883331234248139,0.22998672686937272,-2.292068611182465
9.67,1.2905183872629487,0.2071121221399389,-2.282852334704297
9.68,1.2924753658676127,0.1843259852059111,-2.274375052101262
9.69,1.2942049069670667,0.16162053603368262,-2.266714782344431
9.700000000000001,1.2957077765882863,0.13898728505825234,-2.2599354127416253
9.71,1.2969846526682318,0.11641716424807547,-2.254088749293748
9.72,1.298036119873248,0.09390063954671085,-2.249216190979174
9.73,1.2988626654591662,0.07142780820818748,-2.2453500767255
9.74,1.2994646760374118,0.04898848410378695,-2.2425147441546045
9.75,1.299842435141242,0.026572273729427123,-2.2407273307173603
9.76,1.2999961215120004,0.004168645374271675,-2.2399983403137296
9.77,1.2999258080487275,-0.01823300628575717,-2.24033199169204
9.78,1.2996314613862852,-0.040643298037356786,-2.2417263586278833
9.790000000000001,1.2991129420879803,-0.06307279636000725,-2.244173305902209
9.8,1.2983700054590852,-0.08553195398573385,-2.247658219243111
9.81,1.2974023030082658,-0.10803104268936575,-2.25215952148327
9.82,1.2962093846052978,-0.13058008010193325,-2.2576479610302282
9.83,1.294790701406227,-0.15318874816787317,-2.264085652157754
9.84,1.2931456096419403,-0.17586630062565742,-2.2714248393990926
9.85,1.2912733753937138,-0.1986214565738272,-2.2796063502348645
9.86,1.2891731805104638,-0.2214622767803746,-2.2885576910746135
9.870000000000001,1.2868441298581064,-0.24439601889054036,-2.298190730958538
9.88,1.2842852601326529,-0.26742896707108327,-2.3083989051500446
9.89,1.2814955505166845,-0.2905662308793902,-2.3190538565113465
9.9,1.278473935515065,-0.313811507241349,-2.3300014158804085
9.91,1.2752193203718574,-0.3371667983367318,-2.3410568031961536
9.92,1.2717305995483303,-0.3606320768948724,-2.351998908431976
9.93,1.26800667883396,-0.3842048888624601,-2.3625634850855626
9.94,1.264046501771081,-0.4078798815812796,-2.372435058678328
9.950000000000001,1.2598490812023342,-0.43164824346570885,-2.3812373182075235
9.96,1.2554135369017667,-0.4554970386556207,-2.3885217197748494
9.97,1.2507391404292219,-0.47940841720006383,-2.3937539891137742
9.98,1.2458253685577656,-0.503358677968501,-2.3962981645736643
9.99,1.240671966869852,-0.527317157673953,-2.395397776516747
10.0,1.2352790254042867,-0.5512449151414363,-2.3901537169799068
